100
8
9 13 12 16
9 7 12 10
15 7 18 10
18 10 21 13
18 4 21 7
12 4 15 7
15 13 18 16
12 10 15 13
10
56 21 68 72
51 25 73 45
3 30 17 31
33 5 51 86
51 91 74 92
36 63 67 66
25 1 28 96
71 49 88 70
94 2 99 97
33 48 60 67
10
51 15 75 30
62 2 69 86
43 2 58 97
34 54 63 86
50 9 68 25
14 80 31 98
35 13 49 78
11 56 18 98
13 66 44 78
27 5 49 61
10
3 47 21 76
78 10 79 72
41 1 62 50
76 13 94 23
53 13 60 83
46 53 63 92
6 33 25 60
32 10 60 13
79 4 93 90
68 4 69 99
10
15 8 24 82
12 64 49 79
56 4 89 43
9 50 47 88
58 32 86 59
28 28 50 93
79 21 95 88
26 8 55 15
10 35 28 39
97 3 99 98
10
19 17 34 82
18 3 35 66
24 9 51 29
99 1 99 96
38 41 76 58
86 30 99 80
26 35 47 43
1 45 40 74
7 58 42 73
56 2 71 41
10
23 18 52 58
14 94 49 98
27 4 41 99
18 17 53 19
8 4 47 8
12 15 16 95
48 1 50 9
48 32 69 41
60 47 76 69
49 71 75 97
10
17 7 29 99
50 76 78 91
26 50 57 93
41 41 79 54
14 33 48 51
16 42 32 82
3 4 8 99
46 17 58 85
16 3 19 98
54 24 78 49
10
68 2 71 97
43 23 52 62
5 3 16 98
58 4 58 99
17 3 27 7
64 27 95 74
70 50 80 99
16 43 34 93
52 68 91 73
50 5 89 18
10
63 4 67 99
1 2 1 97
71 52 94 94
64 73 89 86
6 14 25 16
51 5 66 86
40 4 44 99
58 20 70 51
47 58 84 63
12 21 31 99
10
41 2 47 97
29 1 58 53
75 23 83 80
34 3 43 98
29 24 62 57
63 35 90 61
40 79 50 82
68 13 87 43
3 48 28 65
3 58 23 92
10
83 24 97 96
6 1 10 96
77 83 94 87
56 2 58 97
81 1 91 96
76 2 83 97
59 2 94 44
58 67 97 77
47 59 65 93
25 21 59 50
10
10 3 16 98
47 53 71 95
70 10 87 86
53 39 90 59
2 32 41 48
29 27 48 94
30 63 45 92
53 1 55 96
22 27 26 61
1 23 40 39
10
36 19 40 98
71 39 75 46
5 43 19 63
11 24 24 26
44 29 56 95
50 9 64 92
26 66 44 72
40 71 58 96
31 4 41 99
77 22 94 25
10
51 25 77 35
36 19 74 37
56 24 95 26
26 1 34 85
2 55 27 92
13 3 18 98
48 67 80 83
33 36 60 80
37 7 45 81
39 24 73 45
10
21 30 51 58
7 42 34 92
10 26 21 66
3 21 21 95
89 1 90 96
52 1 60 96
73 8 86 92
80 1 84 96
86 4 91 99
36 14 55 80
10
73 47 82 67
82 3 86 98
50 50 82 80
92 3 99 98
77 23 98 88
10 21 41 49
7 48 45 75
16 1 16 96
38 14 66 38
34 39 65 68
10
20 4 29 99
42 69 56 87
44 60 74 93
44 57 80 75
40 43 64 67
16 37 35 60
45 85 73 90
17 17 52 23
13 88 47 92
24 36 49 90
10
45 7 59 11
6 33 29 41
19 6 39 58
49 10 70 65
38 19 46 96
33 12 37 87
41 35 43 59
45 25 65 90
20 85 50 88
51 35 82 60
10
23 52 48 90
38 12 62 65
38 24 72 52
55 90 68 95
4 82 15 85
18 71 52 76
45 11 53 59
5 65 43 80
33 3 39 88
31 3 39 98
10
9 28 43 48
15 2 15 97
48 51 71 57
22 13 34 55
74 1 78 96
3 1 9 96
64 2 76 97
41 2 49 97
24 1 29 96
16 36 48 54
10
58 20 94 39
45 2 45 97
18 3 19 98
7 72 29 77
4 83 39 96
32 2 33 97
1 1 28 3
38 15 63 74
68 26 85 50
52 1 56 96
10
66 62 96 86
77 1 84 96
58 4 96 27
7 54 46 80
24 39 56 65
5 48 40 88
17 28 38 83
44 2 58 84
43 45 72 94
31 8 52 75
10
68 30 76 36
14 7 21 48
40 1 47 96
13 1 21 96
59 60 82 73
16 70 37 98
33 9 68 28
53 22 91 60
54 1 61 96
31 8 48 74
10
21 2 31 94
62 40 70 40
12 50 50 81
49 4 56 99
73 32 85 86
61 4 67 79
41 72 46 83
17 34 51 70
83 1 89 96
32 43 60 90
10
86 2 88 97
62 10 67 12
5 1 15 96
43 28 73 58
32 4 32 99
20 59 49 61
60 22 70 89
65 6 84 40
65 7 77 98
50 9 70 68
10
69 31 96 66
78 16 88 66
81 2 88 97
53 52 92 89
70 13 89 88
16 47 55 66
53 39 82 83
59 22 80 89
30 2 39 97
1 1 39 9
10
49 43 77 70
25 35 27 89
16 58 28 82
30 48 35 58
43 72 82 85
19 2 20 97
64 78 99 89
58 7 73 75
39 13 53 91
36 64 63 80
10
82 2 93 97
18 25 36 42
3 49 12 90
48 19 62 32
77 27 94 78
32 81 61 85
64 62 83 76
49 13 83 43
56 4 60 99
5 73 21 93
10
94 5 98 90
28 42 56 47
46 2 46 97
1 38 35 73
12 4 17 99
6 33 26 87
18 9 31 97
96 3 97 98
65 14 99 39
36 47 50 66
10
1 1 7 96
26 31 59 44
7 60 36 80
35 2 41 97
13 19 48 29
21 2 28 97
48 42 79 42
15 3 20 98
15 2 48 2
40 49 56 80
10
50 57 88 74
40 3 69 33
85 2 89 97
51 13 69 86
16 71 38 76
63 40 96 64
38 3 50 83
69 12 71 41
41 31 68 44
23 81 61 90
10
76 1 77 96
63 45 96 85
47 3 48 98
22 51 58 91
48 10 62 47
89 2 95 97
1 18 20 59
15 81 44 84
45 60 54 69
29 12 61 52
10
16 23 49 65
45 42 81 82
64 27 95 66
35 31 55 82
59 7 91 49
32 18 55 70
34 6 57 61
11 1 11 96
2 25 40 40
39 11 61 59
10
76 4 76 99
54 22 80 61
23 38 46 97
67 72 86 79
16 60 33 88
33 14 56 73
95 3 95 98
30 64 61 89
80 54 89 90
49 92 80 94
10
70 14 99 31
68 29 99 71
42 5 66 42
31 1 41 87
45 11 62 30
76 2 79 97
74 15 94 60
20 2 22 97
7 8 39 8
65 18 93 65
10
82 2 84 97
16 27 35 44
10 75 30 99
54 39 58 78
3 30 42 68
77 64 87 91
24 69 62 84
65 4 75 99
32 62 69 80
11 20 49 60
10
50 11 81 36
49 2 49 97
77 83 93 91
96 3 99 98
26 20 48 41
39 11 63 36
14 89 24 94
11 2 25 97
47 19 82 41
9 3 29 46
10
10 3 16 98
79 3 99 77
31 1 38 96
58 28 78 98
92 2 99 97
94 2 94 97
28 31 51 78
70 3 72 98
48 2 86 31
13 11 28 71
10
42 69 74 73
78 14 93 67
38 3 44 98
42 29 76 69
39 2 71 17
29 87 67 92
89 3 98 98
60 41 81 57
8 37 25 56
33 55 61 79
10
21 83 37 91
74 19 89 66
19 28 21 87
52 25 72 66
72 45 76 76
54 20 67 99
53 6 81 59
51 28 90 56
15 61 26 89
1 86 14 87
10
30 21 59 37
36 4 68 28
27 50 57 90
73 8 99 25
59 17 72 49
42 24 61 81
33 28 66 54
66 2 68 97
20 17 54 51
67 5 99 16
10
12 24 39 48
7 31 45 33
26 28 38 48
50 19 64 75
61 36 86 78
9 3 9 98
31 16 42 99
8 41 44 50
54 4 70 83
14 71 46 85
10
39 32 63 88
39 18 76 55
56 51 89 55
32 61 51 70
5 34 25 41
64 14 75 65
41 91 73 95
51 7 79 35
29 33 64 72
21 13 30 91
10
90 12 92 69
29 71 64 80
1 16 18 95
10 7 40 44
28 25 55 53
61 12 78 97
14 40 38 69
54 36 93 60
51 85 89 88
28 1 30 96
10
75 2 77 97
58 13 69 59
44 4 54 99
51 2 54 97
10 53 19 83
44 32 59 85
30 65 44 99
58 72 63 87
22 4 27 99
85 3 87 98
10
56 5 92 10
77 3 83 9
55 3 58 98
13 84 42 91
24 3 24 98
22 3 27 98
36 74 69 97
50 32 68 94
62 52 76 82
72 61 92 96
10
24 49 53 94
24 4 32 99
13 20 32 73
60 53 78 93
64 21 84 70
45 79 79 80
10 9 30 76
22 5 50 56
8 14 46 50
69 9 76 32
10
65 27 98 65
51 3 51 98
42 66 67 95
78 5 92 77
65 49 77 97
6 26 30 83
39 81 47 99
15 47 40 80
37 3 70 9
63 53 97 68
10
7 1 15 96
2 1 8 95
27 43 66 46
21 5 44 22
20 3 28 98
27 8 40 64
27 55 54 87
81 4 82 99
40 3 53 98
89 4 96 99
10
17 2 39 22
56 45 95 83
28 13 41 23
26 64 55 74
31 40 42 88
81 45 96 60
7 89 42 96
34 30 53 65
59 51 95 89
61 85 85 91
10
49 25 51 97
36 4 43 54
39 19 54 43
71 15 87 68
17 21 34 99
35 2 46 97
32 1 35 96
34 72 66 79
13 80 22 96
48 64 58 77
10
40 2 44 97
46 56 85 59
33 74 71 97
14 44 53 61
6 30 17 54
5 51 35 74
71 55 82 99
54 33 68 72
77 2 78 97
49 36 77 87
10
57 40 82 62
20 11 39 71
46 22 48 92
6 50 44 81
4 13 23 59
89 42 91 86
9 22 19 33
46 13 58 47
37 47 74 53
37 73 60 88
10
83 12 83 29
65 68 93 92
23 32 45 51
69 6 82 97
53 46 84 88
47 32 61 84
45 1 60 96
57 61 84 88
20 2 28 97
30 7 66 24
10
79 32 88 75
44 1 51 96
41 53 77 84
1 3 4 98
73 2 81 97
26 57 56 97
53 4 62 99
44 27 77 42
32 25 61 61
51 45 86 80
10
32 20 64 21
73 2 73 97
83 8 94 90
43 11 55 94
47 25 78 71
45 77 60 98
22 57 58 95
22 78 36 95
29 17 40 83
65 73 89 82
10
22 2 27 97
5 4 24 11
34 38 66 65
14 12 52 12
43 31 82 58
47 2 78 13
55 21 65 68
65 73 84 89
76 1 86 96
5 20 40 36
10
83 2 85 97
69 2 73 97
70 6 75 90
46 26 79 35
11 2 47 38
11 3 36 42
21 3 23 98
28 1 28 96
27 44 62 84
67 46 96 94
10
45 55 74 96
58 17 80 66
71 7 80 99
50 5 60 98
54 7 76 47
25 64 54 82
22 42 59 61
36 27 47 38
22 86 58 96
45 3 52 72
10
3 12 22 84
37 45 67 73
6 6 29 71
23 42 61 75
58 2 69 13
24 1 46 29
47 27 83 64
32 9 57 69
12 36 19 36
39 55 65 73
10
67 4 67 99
83 52 85 84
52 30 75 91
33 22 39 90
21 52 49 86
9 34 48 50
77 9 92 32
11 23 35 46
50 23 89 39
31 33 70 34
10
22 36 51 65
9 83 38 97
30 2 42 97
21 3 26 44
86 3 89 91
6 74 23 88
49 51 85 93
63 64 91 71
24 2 24 97
87 18 93 62
10
46 10 66 15
85 7 94 93
49 32 66 67
5 27 32 80
8 33 25 56
63 50 98 77
62 23 88 26
2 59 36 69
39 3 43 98
60 10 82 19
10
84 46 98 87
87 4 96 99
33 15 62 66
69 43 97 96
69 29 92 91
8 17 17 18
12 48 37 92
45 21 64 77
54 79 77 84
52 18 73 35
10
63 28 90 30
6 16 18 94
79 2 84 97
28 17 45 94
22 23 44 43
23 60 52 79
47 81 77 82
67 13 68 94
80 2 91 97
53 53 61 89
10
4 29 9 29
4 9 4 14
4 24 9 24
9 9 9 14
4 9 9 9
24 9 24 14
4 14 9 14
4 19 9 19
19 9 19 14
14 9 14 14
10
56 45 93 67
9 24 30 85
79 96 88 96
43 11 79 45
8 4 11 99
74 49 96 56
48 1 53 96
46 44 82 46
4 37 41 52
18 83 51 97
10
26 18 53 51
35 9 52 92
31 78 42 98
13 58 51 65
59 14 80 79
41 41 66 65
20 60 27 78
56 3 74 72
47 93 77 95
9 68 46 76
10
41 23 49 64
8 32 19 97
14 35 37 93
78 6 86 91
28 15 38 81
24 4 31 92
63 22 99 41
37 69 57 77
30 69 54 71
72 34 97 86
10
53 25 74 46
79 1 79 96
49 37 88 51
56 19 91 39
9 53 38 96
50 3 55 98
52 33 64 91
36 14 54 43
23 1 31 96
25 37 60 48
10
11 53 48 65
53 35 86 48
50 1 53 96
51 42 55 52
44 56 57 74
64 40 97 49
8 2 18 97
39 27 53 74
8 22 28 62
69 1 83 96
10
86 12 96 98
54 1 66 91
21 4 34 80
72 2 81 97
35 1 53 63
56 2 61 97
48 56 78 83
22 56 42 88
10 3 26 94
51 12 80 44
10
11 37 26 84
30 56 45 98
25 6 43 50
1 43 13 96
74 3 76 98
51 22 86 51
54 12 84 56
68 11 91 42
9 5 40 44
48 22 69 82
1
1 100 100 100
10
33 21 55 58
2 1 4 96
29 13 68 51
50 3 61 98
29 53 68 54
70 4 77 99
5 4 21 49
14 53 44 89
18 57 36 70
40 55 77 71
10
27 23 43 93
40 27 68 77
73 2 81 97
23 7 43 77
54 21 77 71
32 56 54 66
67 17 84 62
53 7 72 13
27 7 66 42
56 2 64 97
10
96 65 96 65
16 75 16 75
73 32 73 32
78 91 78 91
82 68 82 68
87 87 87 87
1 55 1 55
82 31 82 31
65 29 65 29
26 93 26 93
10
57 32 94 39
70 12 75 97
28 2 37 97
68 4 70 99
56 41 89 56
57 40 63 96
10 59 39 98
12 2 22 97
19 58 49 87
12 4 17 99
10
12 79 38 86
27 2 41 89
37 35 61 49
40 15 58 28
35 3 35 98
50 9 79 48
83 1 87 96
33 94 66 97
22 26 38 38
27 4 35 99
10
51 2 58 97
14 5 30 97
67 8 91 33
43 44 73 75
41 4 47 99
9 25 19 93
59 15 71 58
62 21 94 67
60 17 79 73
40 41 78 56
10
30 69 68 70
70 62 74 85
21 36 55 62
26 55 65 83
68 50 80 87
44 6 46 6
21 44 37 79
14 2 16 97
22 4 33 99
53 39 70 80
10
77 34 97 78
86 1 91 96
6 15 40 44
59 20 77 34
50 17 68 48
26 24 59 24
81 2 88 97
55 71 73 84
46 4 56 99
49 1 54 96
10
74 26 83 87
63 17 72 67
20 13 34 99
38 81 49 97
31 38 45 91
13 32 34 74
8 36 33 37
10 9 20 48
14 53 45 89
37 23 49 70
10
61 2 61 97
63 3 65 98
8 24 44 64
47 41 74 57
49 5 68 72
65 25 87 69
44 57 50 64
11 11 27 50
38 39 56 70
38 8 40 93
10
39 65 55 65
39 49 39 65
64 14 80 14
56 47 72 47
69 12 69 28
39 57 55 57
37 43 53 43
45 30 45 46
47 63 47 79
57 41 57 57
10
27 29 38 81
49 26 84 46
48 1 50 96
29 59 58 82
37 38 46 77
27 69 65 98
31 3 36 98
12 7 27 14
29 1 36 96
55 29 81 49
10
55 16 69 57
42 2 45 97
24 3 33 83
52 41 82 70
56 4 87 23
39 48 71 50
94 1 98 96
57 8 94 35
53 30 74 68
50 1 62 96
10
54 57 90 70
48 2 72 46
43 49 75 78
80 2 81 97
42 40 61 79
45 36 75 83
25 8 35 65
2 16 35 47
48 3 83 17
19 37 43 71
10
54 4 59 99
78 76 96 87
31 56 65 94
17 24 32 75
22 76 38 77
4 4 7 99
13 19 20 48
67 16 83 27
27 83 57 88
45 1 59 96
10
87 3 91 98
69 4 73 99
82 60 99 68
53 91 76 95
38 1 63 40
48 4 60 99
17 4 53 33
40 56 70 89
22 1 24 96
58 36 79 53
10
75 17 83 74
21 96 33 98
69 3 71 98
73 62 99 87
53 3 90 8
18 32 51 74
89 34 99 93
32 25 60 35
54 18 87 52
26 14 65 14
10
43 42 63 78
87 3 89 98
15 14 30 99
52 45 77 93
37 4 42 99
73 7 86 38
10 27 24 47
13 3 28 79
60 3 67 98
1 42 39 59
10
81 3 86 98
46 30 83 58
70 53 98 83
29 45 42 77
58 26 77 95
5 87 38 96
5 52 27 89
74 62 95 86
43 76 82 85
13 43 44 67
10
35 90 61 92
20 33 37 91
51 7 68 71
61 8 95 19
65 79 73 80
2 2 3 97
83 18 98 63
9 45 47 61
24 35 52 67
58 80 90 80
10
34 21 53 38
44 5 54 94
5 9 24 48
68 41 92 65
40 4 47 99
60 20 88 43
38 27 67 77
74 42 90 50
18 14 53 41
13 41 40 72
3
2 3 2 4
2 2 4 2
5 1 5 1
10
59 18 93 54
10 18 37 71
62 35 93 55
10 29 33 46
49 20 63 45
5 49 41 53
60 21 99 50
29 27 48 90
79 6 96 85
16 26 51 40
10
68 37 84 94
84 4 93 99
55 3 64 9
1 32 33 64
79 27 95 96
83 4 90 99
31 27 56 82
14 79 36 90
38 32 56 63
40 31 75 55
10
38 31 71 55
60 2 72 97
45 15 76 54
3 49 18 84
25 22 61 34
49 49 81 62
61 4 69 97
41 8 75 49
1 4 7 99
41 19 70 40
