100
5
1 2 3 4 5
3
3 5 6
2
5 6
2
5 5
15
709379 534691 280874 400894 582994 204032 982591 888513 488503 842247 403436 983630 232593 460085 927214
15
257487 404898 521159 772795 286181 811087 677736 47421 940497 980363 347978 920896 621701 876388 206908
14
744300 344620 180131 286951 232852 857429 269631 642132 989303 419432 133996 639416 678178 221767
13
967371 398221 84511 622747 893406 658266 535600 590955 44350 983204 159438 158317 736784
8
55935 468458 241522 826333 928757 327927 17463 238607
15
685849 35622 108732 870430 357608 267286 245587 270872 559484 262947 184717 801928 610367 490596 705461
5
826750 167386 841009 844813 926104
11
210486 538230 696464 793206 485906 15134 766423 735747 992990 367269 56325
6
87411 133889 852164 920793 55676 35603
4
175566 57493 852443 263975
12
825 6217 168 6625 8742 963 212 6798 4204 188 5176 15726
10
6220 4588 4849 8314 8896 898 3978 7652 9971 7318
4
1153 5229 7757 3745
15
9402 2410 4148 4173 1300 5164 8874 4451 2314 462 6613 469 436 4753 3257
13
5458 2356 1192 6830 9629 3042 497 4778 3279 961 6949 1412 7750
9
9126 940 7128 9723 4020 7269 2721 611 1338
3
3304 4300 7204
8
847 6126 6556 5187 1711 5100 7992 4869
11
5758 2717 6696 320 1012 8479 6279 6888 5508 832 12747
3
141 741 616
12
9894 952 6403 7808 8840 2770 4445 173 2524 3846 3486 5821
7
4194 3827 2909 9794 2242 6469 8713
3
3177 5092 8077
5
1524 9213 5961 5270 9686
10
8134 7606 8262 2145 5339 2205 9470 132 3474 8185
12
5725 5998 8408 4942 1680 9014 8061 2862 8021 8185 9211 52
9
2277 3678 9559 7127 1129 146 9183 3844 3414
11
8294 2400 8502 5247 6128 1422 118 7000 7699 9281 12109
6
593 7910 6494 9806 4758 12593
12
1155 8970 5711 1474 8419 2263 9452 3199 3395 2728 2040 13488
4
1928 2147 2650 1457
7
7350 1191 7986 3372 9276 2573 5838
9
2427 2999 924 9018 2813 6369 2603 3052 12721
10
9801 4703 1614 7115 9430 192 8568 3284 3081 11296
13
9953 3001 3456 4882 3473 4566 56 6299 6837 8998 4641 7251 207
8
7591 1529 4474 5768 575 4776 521 3378
14
5027 8097 3550 6372 518 9704 9060 2 2817 1334 1549 4549 7784 6695
11
5736 7900 7313 406 2724 2481 4752 6759 1672 8149 1804
14
4641 8174 2092 5246 1601 9394 1588 5182 9243 9705 3172 539 2605 9963
3
2268 3091 1231
12
219 5192 7979 7308 4021 1225 5841 4973 8710 1163 9537 6712
8
3780 1158 2205 709 4735 2323 9626 16108
12
1270 9055 9921 3333 9934 3347 8472 6683 7996 4202 2930 6295
6
980 9965 2401 4127 5782 9755
12
8344 9651 7816 9782 5328 4909 7435 3000 2426 5792 5993 9320
6
7677 6512 3491 1086 3639 807
5
1680 8490 9446 9598 9762
10
5247 8753 2088 6887 7011 7626 9325 456 9984 4456
3
6791 5323 3660
3
4775 1557 5298
3
3238 8963 12197
5
9746 7025 4824 5258 15153
13
932 4375 3040 4622 777 1677 9757 4303 5855 7886 4564 9296 1438
14
5991 2209 7839 4091 5354 6036 7410 4235 7981 7130 8530 5664 5785 9401
13
8717 3461 2906 8146 1341 1833 7819 3112 5778 3548 4384 3942 11967
7
2232 4489 9797 5709 948 386 11023
6
9970 1979 7346 3954 2023 7199
3
2363 6907 5056
8
962 5513 4483 6819 9852 8611 4643 1482
4
7448 3216 421 4141
4
2158 8061 8295 14196
3
1788 8681 10005
14
144 5115 3333 9375 6910 9139 2825 8071 4761 6246 9857 5775 8660 3095
13
5005 5653 3194 9963 6050 1513 1507 596 4814 7152 1948 9184 2270
4
5352 2338 8123 625
4
880 9429 7293 15320
11
5544 6965 6101 735 9486 8828 5245 3130 8635 3403 10322
8
8929 3057 3327 3705 222 8842 5426 3278
5
3386 9257 6199 2050 6781
3
9673 8611 969
13
5341 3123 4723 9486 9872 3476 2866 2628 8605 8020 1113 619 4498
9
9782 659 8093 5016 5251 8637 2079 7107 3650
3
1039 9872 8863
3
9252 4756 14000
13
465 3317 4598 9179 8381 6507 8056 1040 3466 5842 6843 905 8157
13
1494 8988 3567 884 2336 5722 397 253 8096 5900 7300 6861 14526
12
9465 3161 9763 2544 4161 424 9340 9773 7515 5283 6705 831
7
5756 9172 4371 7171 57 6912 9089
12
5623 8886 3697 1838 3880 7585 7960 9535 8633 2150 8403 8124
11
2508 1382 8683 1396 2084 6295 1444 2939 1338 3802 15801
9
5060 3722 3259 2087 6050 529 8803 2518 10196
10
9503 4106 9997 102 9707 1338 2990 4524 9815 3834
9
2397 543 1484 9680 7034 5875 3982 1281 11352
14
3799 3150 4060 2617 94 2357 386 3498 8594 5652 4445 3390 8949 2863
5
5402 9488 8488 487 6404
12
2269 4160 2469 5042 2679 6917 9122 786 1833 416 9563 4250
14
1715 988 3460 9105 1454 7285 5842 2449 6979 7223 8517 8573 4087 9561
13
429 7959 8166 6519 4582 3176 4552 5955 2723 879 4551 8503 7182
11
2883 6276 9238 3405 3101 2884 4883 3820 1079 8656 1501
11
5246 5012 2466 560 756 4241 8899 7833 6897 8872 6686
7
9190 4938 6052 3833 662 7798 13585
11
9609 6935 7600 5699 7067 3788 7943 3393 6333 4340 4225
6
8986 9722 5113 9261 4665 8973
12
6466 4747 1380 6233 9328 8057 4935 3891 6309 718 6510 12940
14
1836 9444 2536 2568 1779 3512 5627 3417 206 9786 9075 339 8083 940
7
3403 3025 2511 9610 364 4122 5519
