100
6 55 95
4 89 22
1 98 5
8 88 38
3 25 73
5 9 87
10 51 26
2 50 58
10 86 33
5 60 8
10 72 67
3 14 36
1 31 61
1 50 79
3 95 89
8 97 52
5 17 18
10 60 55
9 90 69
4 92 29
2 9 25
8 32 92
10 5 25
9 64 55
3 25 6
10 22 100
8 25 42
6 28 66
10 13 96
2 50 76
10 76 85
8 0 0
9 100 0
6 25 24
10 4 13
10 56 59
4 60 76
3 50 0
10 15 20
5 77 52
5 48 13
8 30 32
7 81 58
1 100 100
10 15 98
2 73 49
9 78 23
8 87 10
10 1 73
9 89 6
4 20 91
9 15 87
1 86 11
5 93 99
5 60 10
3 25 53
4 69 76
10 8 75
10 22 79
8 92 75
5 58 17
2 50 23
4 39 39
10 89 52
7 80 51
6 77 23
3 20 45
10 58 20
10 77 53
5 58 70
10 0 100
10 30 35
3 50 44
10 86 19
10 30 38
1 26 100
1 50 35
3 54 12
1 50 31
10 30 73
6 25 7
2 17 54
6 66 68
1 9 0
1 58 2
4 92 97
9 50 100
1 96 13
2 24 84
2 88 27
3 70 34
10 55 77
2 80 21
3 84 11
4 75 33
4 33 43
1 89 71
7 70 17
9 78 98
1 62 92
