40
3 2 10000000000000000
3 5 7
4 8 16
1 20 5 2
5 3998 4442
8520 475 2384 4434 7085
5 7230 7883
1958 1211 9888 313 5620
10 61 119
5760 5040 60 5 4320 3 2880 9360 20 40
10 61 119
3 2520 3960 15 2160 9360 20 30 5 4680
6 2 10000
9967 9941 9931 9929 9949 9973
5 5744 9568
4754 7833 4881 2341 1865
5 275 7548
1958 5138 970 9476 9110
5 38 8674
1193 4125 8440 3615 1081
5 2304 5653
2970 228 6502 4740 9169
10 2 10000
1 3 7 15 10 11 30 5 2 6
17 2 10000
1 8633 1 1 1 1 8633 1 1 8633 1 1 8633 8633 1 8633 8633
5 8360 9144
8613 5007 9895 7187 7728
5 9271 9616
7557 1773 6174 6357 2949
4 2 10000
3 49 17 4
100 1 10000
1864 8146 5033 7641 6781 4707 1685 5898 1491 6641 9977 944 924 4240 8350 1773 9896 9093 2021 1964 9986 1213 5250 491 5901 7726 310 4744 9769 6464 7165 7643 1422 7363 3359 82 1252 801 2476 3944 7527 2073 3059 2120 6543 2537 560 1868 587 1440 3574 4165 5398 374 631 6020 5809 7452 5034 9812 1946 6104 7813 3546 972 1362 6449 6455 4802 223 9906 270 4150 9825 3767 1041 8552 8369 6218 3409 5234 6973 914 5714 9855 124 9430 1068 975 4576 2513 4258 2423 2615 8939 3915 8511 8990 38 2233
51 1119 2235
2236 2236 1118 2236 1118 2236 2236 1118 1118 2236 1118 1118 1118 1118 1118 1118 2236 2236 1118 1118 2236 1118 1118 1118 2236 1118 2236 2236 2236 1118 2236 2236 2236 2236 1118 1118 2236 2236 2236 1118 2236 1118 1118 2236 2236 1118 1118 1118 2236 2236 2236
7 5 10000
9678 9942 9714 9822 9726 9978 9762
5 7769 9916
694 9828 6871 7414 9623
5 3876 9216
1015 8518 662 1733 9498
13 1 10000
2396 6317 5872 9141 7746 4884 1170 9214 5951 5281 3575 9549 3616
50 2 10000
252 336 1 6 420 144 120 2 280 105 28 45 210 126 10 560 315 840 36 630 12 84 60 48 24 21 140 5 4 5040 14 15 56 360 2520 3 18 80 70 1260 240 720 112 1008 9 30 504 16 1680 7
5 3012 4900
2197 7528 9702 8133 2559
2 5001 10000
2500 5000
100 2 10000
4717 7120 7743 5073 3916 5251 7298 6942 534 8900 1869 2314 8811 4005 6141 4539 8010 5429 2759 3649 5162 801 3560 6230 6764 1602 5785 7654 5696 7209 1335 4450 3382 8989 623 979 4183 1958 7387 6319 2403 1780 3115 3293 5963 1157 7476 4895 2047 3026 445 4094 5607 1513 4628 5874 8722 890 2937 1691 8277 6675 1246 2581 2848 2136 7565 3738 8188 356 5340 4272 6497 4806 178 2670 8633 7031 6853 4984 8366 3204 8455 7832 6408 1424 8544 3827 1068 8099 5518 6052 267 2225 3471 4361 712 6586 2492 7921
5 8725 9244
3730 4111 7283 9259 1618
5 3797 6468
2090 149 4292 438 8873
100 11 30
8490 1650 2970 6180 1080 6090 4500 1890 3090 3630 1140 2130 9660 6720 7230 7530 9930 2550 2760 8160 2040 2670 5880 1530 6900 4950 630 9180 4080 5370 4650 1170 5520 5580 2430 4260 9510 690 8280 9630 8730 4770 510 8820 5640 5730 540 3390 4050 5820 4410 7290 8970 9570 780 990 6690 2580 9000 7710 4860 1260 1770 1680 3930 9540 5670 4680 6960 300 8310 3540 4350 7650 6600 6000 9240 1200 420 2400 2640 6510 5040 6450 9870 3120 1350 7860 7680 7080 9720 8220 3360 8880 7620 8640 7260 7200 1620 330
5 5305 7470
949 9763 5382 8527 6664
5 6405 8840
7520 6111 5620 572 6825
51 811 1620
162 4860 162 4860 4860 162 162 162 4860 4860 4860 4860 162 162 162 162 4860 4860 4860 162 162 162 162 4860 162 162 4860 4860 4860 162 4860 162 162 162 162 4860 162 162 4860 4860 162 4860 4860 4860 4860 4860 162 4860 4860 4860 162
3 2 50
3 5 75
5 506 2904
6150 9365 2265 473 1171
10 2 10000
6 1 2 3 11 2310 5 15 10 7
5 8173 8717
1299 7192 8114 7691 2647
5 6982 7998
2233 5827 4758 7612 7378
5 7836 9159
731 6342 5902 9309 5159
5 2657 3671
3234 4325 3661 5273 236
10 8281 9937
276 552 207 184 828 72 414 138 92 69
